0.00000 384.83029
4.88430 393.15787
2.09973 421.06334
7.29481 432.38265
2.03650 439.98256
4.17855 453.04583
14.47189 477.45158
11.75147 487.95055
21.69463 490.21451
44.00483 466.22460
66.90407 467.36826
70.83197 478.16751
64.35322 492.16641
69.32942 503.86690
77.34874 506.40784
89.93330 518.30457
95.88580 518.66258
104.25064 515.07060
120.68480 520.55698
121.42425 516.42191
136.29471 520.91498
144.33243 533.31986
178.73019 529.88944
184.69435 524.85360
193.68042 532.33811
197.76838 542.53696
214.65017 540.36555
228.36004 542.90664
235.75972 531.89915
236.14985 534.14008
262.16900 530.50175
269.09441 536.45015
271.02200 535.59535
283.55754 547.24950
292.49345 549.23613
305.33165 558.30314
305.58460 575.07413
342.33354 605.53185
353.50504 604.85057
389.41723 626.69183
402.42391 647.36695
402.10366 662.79784
392.09767 663.19065
390.89752 673.26247
381.20747 660.85760
369.94717 654.53951
365.71297 657.47343
365.24360 663.82604
363.39642 662.83265
355.73597 669.94750
347.58894 684.13117
345.54355 693.02503
356.45385 701.11003
353.51778 716.47191
330.63675 727.90668
356.97360 783.98294
422.18728 833.98372
494.10221 847.94799
568.12102 894.79574
697.64926 892.45097
808.82071 861.04594
794.49141 818.24093
797.34119 805.81293
788.30503 793.77742
772.08552 786.20054
769.66189 778.20767
782.80725 751.31897
790.01530 752.24279
794.56768 736.74250
798.59279 737.68953
808.67159 732.37650
817.56466 721.35772
816.38426 717.34969
832.73622 702.68082
837.82072 705.54535
845.76019 693.93739
842.77748 686.84558
842.43220 675.17984
836.09657 658.90552
826.42234 654.37776
821.17258 640.61010
812.79558 636.65990
812.45043 627.43127
798.33206 604.30759
805.47552 577.81145
791.21153 557.95662
788.61874 548.17361
794.30063 525.58135
801.27502 524.85360
807.56557 518.26995
825.82928 520.64930
839.16290 513.89237
861.02023 510.16162
875.28675 511.31684
871.31711 490.65349
863.64658 478.23680
869.37839 466.65193
869.84347 453.94687
862.58182 448.49504
855.90970 428.70948
858.09221 423.29258
868.85280 416.80138
875.12794 423.45411
882.59952 425.03663
897.13027 443.03173
906.83502 442.18857
906.22805 431.50469
910.13109 428.09753
916.71639 426.79218
928.40900 402.82544
931.31472 403.65702
943.09202 389.32323
945.80003 374.45823
955.40856 367.52815
965.38142 366.30361
968.20841 355.73536
977.85054 343.68825
966.47166 334.03244
973.34772 321.96239
988.71942 316.27960
990.02847 292.90214
995.03527 279.34195
977.60911 271.99611
971.82868 259.90304
963.45427 252.10653
965.39672 237.01042
961.14871 223.41576
955.13879 217.19034
942.72860 216.18538
927.69440 207.93859
922.19854 208.21582
914.46619 192.13776
894.50792 189.33127
890.60725 186.02774
879.11971 187.04423
866.51875 193.99736
860.88871 189.96655
857.11393 180.25276
858.49649 179.02842
855.76164 169.82298
835.26541 185.99321
831.27043 182.26243
817.09545 179.25937
806.58190 157.96084
812.59108 146.49143
813.25270 130.57505
807.46978 129.42024
803.79051 112.17572
801.54997 113.23821
789.68648 103.37453
769.98644 100.38290
756.99868 84.40892
755.38037 77.54798
731.99509 48.21042
712.33487 54.64414
716.62579 58.57099
720.79026 72.89343
710.50910 84.54753
713.26399 100.72948
687.45350 136.77755
674.60660 136.95087
641.37425 130.39037
639.64581 127.98782
626.10657 140.15029
627.36815 145.26698
622.25671 153.98741
616.82074 157.66045
612.00643 154.83059
600.86412 168.47134
601.28858 174.03880
588.27892 208.45826
599.33103 208.82798
601.76743 206.33317
608.11005 210.04070
613.81132 208.74708
611.79747 218.58787
616.08278 225.57587
615.65560 230.31131
606.16245 236.39825
605.59351 243.75573
590.03237 246.40083
573.99016 254.72864
565.71766 262.12066
555.09595 241.38814
535.99683 234.78141
525.02288 209.72896
519.53006 207.75386
521.82062 201.42416
515.69039 190.48609
518.86552 181.47708
503.33997 159.49703
499.20111 142.03299
489.08129 130.88718
480.50884 126.42874
449.19215 98.71969
458.04821 97.43760
457.41472 86.21084
437.64014 64.16148
441.87526 58.66343
422.91763 14.40307
402.43262 11.63102
383.81954 3.37260
367.30994 5.97133
365.64917 2.48307
351.51561 4.18096
341.49175 0.00000
341.88341 16.27430
344.28478 23.31972
330.33500 31.22026
328.73222 22.88077
320.01202 21.28696
315.90660 13.89482
311.22350 16.04303
315.13610 58.17850
306.26516 60.06116
299.93900 64.20769
300.75427 74.03683
290.79002 77.80226
291.38813 86.32621
267.86773 92.03209
267.97075 88.56713
258.11632 78.69156
239.84361 92.51731
239.56742 95.08138
238.46754 58.65181
234.14419 70.51415
225.01282 71.51895
223.02781 67.92667
217.11309 69.03556
200.80662 79.96213
191.10811 66.80640
162.70695 79.98510
154.09480 76.75107
150.97540 78.65697
154.19988 88.17428
152.51822 94.24984
135.13430 101.94208
135.68354 107.41698
142.07600 115.50222
140.99608 120.89604
134.98180 128.55377
136.40004 130.91013
123.30941 130.96791
126.79604 151.60815
118.00320 148.11993
111.28068 148.53590
104.37023 153.20198
103.28152 148.43170
94.84842 142.19469
87.93565 141.43234
80.31248 150.79975
79.60725 167.09700
62.80222 167.46670
58.13771 176.60287
54.85480 176.11775
58.58801 205.31671
49.05678 255.89522
45.84493 289.71409
25.27342 289.57566
19.64257 296.05528
22.86080 310.43530
21.71281 337.93633
5.41647 351.72735
3.66691 380.59146
0.00000 384.83029
